0.5016814792 0.0000000000 -0.3599704347 0.0000000000 0.3175945438 -0.0000000000 -0.2970602802 0.0000000000 0.2872727457 0.0000000000 -0.2862466390 -0.0000000000 0.2961715250 0.0000000000 0.3047927389 0.0000000000 0.2529639933 0.0000000000 -0.1374400717 -0.0000000000 0.0400295025 -0.0000000000 0.0079111387 -0.0000000000 0.0011836878 0.0000000000 -0.0001304109 0.0000000000 -0.0000098833 0.0000000000 0.0000004478 0.0000000079
0.4536284699 0.2877410987 -0.1943107317 -0.3120463066 0.0672564147 -0.3052177771 0.0241634631 -0.2835485123 -0.0978579470 -0.2519331769 0.1621896011 0.2111207163 -0.2243736668 -0.1596846294 -0.2753553480 -0.1007786831 -0.2529639933 -0.0480389818 0.1507142629 -0.0159677434 -0.0497334487 0.0036912044 -0.0113397639 -0.0006032034 -0.0019641587 -0.0000680830 0.0002502139 -0.0000048880 0.0000218596 -0.0000001793 -0.0000011372 -0.0000000228
0.3361075390 0.4238824091 0.1427267295 -0.2437375155 -0.2865243820 -0.0489220227 0.2940578620 0.1111253854 -0.2243637839 0.2210045545 0.1086836826 -0.2736788877 0.0351679907 0.2637284132 0.1821476484 0.1976844980 0.2432427289 0.1091245445 -0.1873090591 0.0419444903 0.0816389172 -0.0112430627 0.0241617370 0.0021300508 0.0052593047 0.0002780121 -0.0008201235 0.0000229941 -0.0000859732 0.0000009675 0.0000052851 0.0000001239
0.2053685514 0.3849389687 0.3701263216 0.0939242506 -0.2322306414 0.2918083914 -0.0272343005 0.2526447527 0.2165572760 0.0832131459 -0.2688055575 0.1125054449 0.1764425316 -0.2458627927 -0.0260253734 -0.2644946400 -0.1964899640 -0.1874268737 0.2315689914 -0.0894393868 -0.1406973897 0.0292745214 -0.0542483175 -0.0066760748 -0.0146892697 -0.0010355179 0.0027720028 -0.0001006648 0.0003453573 -0.0000049317 -0.0000249042 -0.0000006781
0.1045092449 0.2581407356 0.3816140204 0.3451499139 0.1098904270 0.1828378434 -0.2988068941 -0.1346916506 0.1498185575 -0.2691519704 0.1053272014 0.1614340772 -0.2430348514 0.0689058931 -0.1438961820 0.2421540136 0.0835081395 0.2606596570 -0.2425067384 0.1662878506 0.2205479725 -0.0691820972 0.1130715049 0.0194510299 0.0385389529 0.0036412113 -0.0088825942 0.0004204952 -0.0013253210 0.0000241725 0.0001128241 0.0000035863
0.0448494302 0.1366331525 0.2654057170 0.3645905167 0.3431455520 -0.1624245399 -0.0991916533 -0.2735822187 -0.2308654011 0.0055741191 0.2111463591 -0.2334127401 0.0494277044 0.1697768426 0.2017298393 -0.0779628502 0.0783916205 -0.2620093392 0.1582307372 -0.2563511142 -0.2781349594 0.1435803595 -0.2036675368 -0.0513633577 -0.0906347637 -0.0118400592 0.0261100156 -0.0016472824 0.0047408931 -0.0001122789 -0.0004821055 -0.0000180520
0.0164627524 0.0593357279 0.1408244633 0.2496883196 0.3404523782 -0.3470028795 0.2267763328 0.0092485977 -0.1977393058 0.2690025576 -0.1569221286 -0.0573589300 0.2120782428 -0.2049188444 -0.0412871973 -0.1555263359 -0.1706122413 0.1116957315 0.0361257866 0.2890933275 0.2233499091 -0.2460451662 0.2897675482 0.1182439323 0.1816900187 0.0346376605 -0.0681016527 0.0059278100 -0.0154322038 0.0004862306 0.0019075513 0.0000852218
0.0052478009 0.0217541930 0.0604938982 0.1291176366 0.2213821879 -0.3082811611 0.3422843688 0.2810208112 0.1214476069 0.0802293251 -0.2270609898 0.2391550001 -0.1089214103 -0.0764661829 -0.1781051593 0.1969975543 0.0521893357 0.1418940378 -0.1928583946 -0.1572323703 -0.0010985656 0.3115300262 -0.2692768876 -0.2247395140 -0.2880212988 -0.0881665927 0.1511369954 -0.0191476617 0.0444709110 -0.0019299265 -0.0068523520 -0.0003717354
0.0014755511 0.0068955248 0.0218685574 0.0540588511 0.1096963536 -0.1868400678 0.2685555117 0.3222099163 0.3105070396 -0.2133109625 0.0487040440 0.1231445439 -0.2223886419 0.2110489850 0.0763769966 0.0786617033 0.1502489727 -0.2110489850 0.0763769966 -0.1231445439 -0.2223886419 -0.2133109625 0.0487040440 0.3222099163 0.3105070396 0.1868400678 -0.2685555117 0.0540588511 -0.1096963536 0.0068955248 0.0218685574 0.0014755511
0.0003717354 0.0019299265 0.0068523520 0.0191476617 0.0444709110 -0.0881665927 0.1511369954 0.2247395140 0.2880212988 -0.3115300262 0.2692768876 -0.1572323703 0.0010985656 0.1418940378 0.1928583946 -0.1969975543 -0.0521893357 -0.0764661829 0.1781051593 0.2391550001 0.1089214103 -0.0802293251 0.2270609898 -0.2810208112 -0.1214476069 -0.3082811611 0.3422843688 -0.1291176366 0.2213821879 -0.0217541930 -0.0604938982 -0.0052478009
0.0000852218 0.0004862306 0.0019075513 0.0059278100 0.0154322038 -0.0346376605 0.0681016527 0.1182439323 0.1816900187 -0.2460451662 0.2897675482 -0.2890933275 0.2233499091 -0.1116957315 0.0361257866 -0.1555263359 -0.1706122413 0.2049188444 -0.0412871973 0.0573589300 0.2120782428 0.2690025576 -0.1569221286 0.0092485977 -0.1977393058 0.3470028795 -0.2267763328 0.2496883196 -0.3404523782 0.0593357279 0.1408244633 0.0164627524
0.0000180520 0.0001122789 0.0004821055 0.0016472824 0.0047408931 -0.0118400592 0.0261100156 0.0513633577 0.0906347637 -0.1435803595 0.2036675368 -0.2563511142 0.2781349594 -0.2620093392 -0.1582307372 0.0779628502 -0.0783916205 0.1697768426 -0.2017298393 -0.2334127401 -0.0494277044 -0.0055741191 -0.2111463591 0.2735822187 0.2308654011 -0.1624245399 -0.0991916533 -0.3645905167 0.3431455520 -0.1366331525 -0.2654057170 -0.0448494302
0.0000035863 0.0000241725 0.0001128241 0.0004204952 0.0013253210 -0.0036412113 0.0088825942 0.0194510299 0.0385389529 -0.0691820972 0.1130715049 -0.1662878506 0.2205479725 -0.2606596570 -0.2425067384 0.2421540136 0.0835081395 -0.0689058931 -0.1438961820 -0.1614340772 -0.2430348514 -0.2691519704 0.1053272014 -0.1346916506 0.1498185575 -0.1828378434 0.2988068941 0.3451499139 -0.1098904270 0.2581407356 0.3816140204 0.1045092449
0.0000006781 0.0000049317 0.0000249042 0.0001006648 0.0003453573 -0.0010355179 0.0027720028 0.0066760748 0.0146892697 -0.0292745214 0.0542483175 -0.0894393868 0.1406973897 -0.1874268737 -0.2315689914 0.2644946400 0.1964899640 -0.2458627927 0.0260253734 0.1125054449 -0.1764425316 -0.0832131459 0.2688055575 -0.2526447527 -0.2165572760 0.2918083914 -0.0272343005 -0.0939242506 -0.2322306414 -0.3849389687 -0.3701263216 -0.2053685514
0.0000001239 0.0000009675 0.0000052851 0.0000229941 0.0000859732 -0.0002780121 0.0008201235 0.0021300508 0.0052593047 -0.0112430627 0.0241617370 -0.0419444903 0.0816389172 -0.1091245445 -0.1873090591 0.1976844980 0.2432427289 -0.2637284132 0.1821476484 0.2736788877 0.0351679907 0.2210045545 0.1086836826 0.1111253854 -0.2243637839 0.0489220227 -0.2940578620 -0.2437375155 0.2865243820 0.4238824091 0.1427267295 0.3361075390
0.0000000228 0.0000001793 0.0000011372 0.0000048880 0.0000218596 -0.0000680830 0.0002502139 0.0006032034 0.0019641587 -0.0036912044 0.0113397639 -0.0159677434 0.0497334487 -0.0480389818 -0.1507142629 0.1007786831 0.2529639933 -0.1596846294 0.2753553480 0.2111207163 0.2243736668 0.2519331769 -0.1621896011 0.2835485123 0.0978579470 -0.3052177771 0.0241634631 0.3120463066 0.0672564147 -0.2877410987 0.1943107317 -0.4536284699
0.0000000079 -0.0000000000 0.0000004478 -0.0000000000 0.0000098833 0.0000000000 0.0001304109 0.0000000000 0.0011836878 -0.0000000000 0.0079111387 0.0000000000 0.0400295025 0.0000000000 -0.1374400717 0.0000000000 0.2529639933 0.0000000000 0.3047927389 -0.0000000000 0.2961715250 -0.0000000000 -0.2862466390 -0.0000000000 0.2872727457 0.0000000000 0.2970602802 -0.0000000000 -0.3175945438 0.0000000000 -0.3599704347 0.5016814792
0.0000000228 -0.0000001793 0.0000011372 -0.0000048880 0.0000218596 0.0000680830 0.0002502139 -0.0006032034 0.0019641587 0.0036912044 0.0113397639 0.0159677434 0.0497334487 0.0480389818 -0.1507142629 -0.1007786831 0.2529639933 0.1596846294 0.2753553480 -0.2111207163 0.2243736668 -0.2519331769 -0.1621896011 -0.2835485123 0.0978579470 0.3052177771 0.0241634631 -0.3120463066 0.0672564147 0.2877410987 0.1943107317 -0.4536284699
0.0000001239 -0.0000009675 0.0000052851 -0.0000229941 0.0000859732 0.0002780121 0.0008201235 -0.0021300508 0.0052593047 0.0112430627 0.0241617370 0.0419444903 0.0816389172 0.1091245445 -0.1873090591 -0.1976844980 0.2432427289 0.2637284132 0.1821476484 -0.2736788877 0.0351679907 -0.2210045545 0.1086836826 -0.1111253854 -0.2243637839 -0.0489220227 -0.2940578620 0.2437375155 0.2865243820 -0.4238824091 0.1427267295 0.3361075390
0.0000006781 -0.0000049317 0.0000249042 -0.0001006648 0.0003453573 0.0010355179 0.0027720028 -0.0066760748 0.0146892697 0.0292745214 0.0542483175 0.0894393868 0.1406973897 0.1874268737 -0.2315689914 -0.2644946400 0.1964899640 0.2458627927 0.0260253734 -0.1125054449 -0.1764425316 0.0832131459 0.2688055575 0.2526447527 -0.2165572760 -0.2918083914 -0.0272343005 0.0939242506 -0.2322306414 0.3849389687 -0.3701263216 -0.2053685514
0.0000035863 -0.0000241725 0.0001128241 -0.0004204952 0.0013253210 0.0036412113 0.0088825942 -0.0194510299 0.0385389529 0.0691820972 0.1130715049 0.1662878506 0.2205479725 0.2606596570 -0.2425067384 -0.2421540136 0.0835081395 0.0689058931 -0.1438961820 0.1614340772 -0.2430348514 0.2691519704 0.1053272014 0.1346916506 0.1498185575 0.1828378434 0.2988068941 -0.3451499139 -0.1098904270 -0.2581407356 0.3816140204 0.1045092449
0.0000180520 -0.0001122789 0.0004821055 -0.0016472824 0.0047408931 0.0118400592 0.0261100156 -0.0513633577 0.0906347637 0.1435803595 0.2036675368 0.2563511142 0.2781349594 0.2620093392 -0.1582307372 -0.0779628502 -0.0783916205 -0.1697768426 -0.2017298393 0.2334127401 -0.0494277044 0.0055741191 -0.2111463591 -0.2735822187 0.2308654011 0.1624245399 -0.0991916533 0.3645905167 0.3431455520 0.1366331525 -0.2654057170 -0.0448494302
0.0000852218 -0.0004862306 0.0019075513 -0.0059278100 0.0154322038 0.0346376605 0.0681016527 -0.1182439323 0.1816900187 0.2460451662 0.2897675482 0.2890933275 0.2233499091 0.1116957315 0.0361257866 0.1555263359 -0.1706122413 -0.2049188444 -0.0412871973 -0.0573589300 0.2120782428 -0.2690025576 -0.1569221286 -0.0092485977 -0.1977393058 -0.3470028795 -0.2267763328 -0.2496883196 -0.3404523782 -0.0593357279 0.1408244633 0.0164627524
0.0003717354 -0.0019299265 0.0068523520 -0.0191476617 0.0444709110 0.0881665927 0.1511369954 -0.2247395140 0.2880212988 0.3115300262 0.2692768876 0.1572323703 0.0010985656 -0.1418940378 0.1928583946 0.1969975543 -0.0521893357 0.0764661829 0.1781051593 -0.2391550001 0.1089214103 0.0802293251 0.2270609898 0.2810208112 -0.1214476069 0.3082811611 0.3422843688 0.1291176366 0.2213821879 0.0217541930 -0.0604938982 -0.0052478009
0.0014755511 -0.0068955248 0.0218685574 -0.0540588511 0.1096963536 0.1868400678 0.2685555117 -0.3222099163 0.3105070396 0.2133109625 0.0487040440 -0.1231445439 -0.2223886419 -0.2110489850 0.0763769966 -0.0786617033 0.1502489727 0.2110489850 0.0763769966 0.1231445439 -0.2223886419 0.2133109625 0.0487040440 -0.3222099163 0.3105070396 -0.1868400678 -0.2685555117 -0.0540588511 -0.1096963536 -0.0068955248 0.0218685574 0.0014755511
0.0052478009 -0.0217541930 0.0604938982 -0.1291176366 0.2213821879 0.3082811611 0.3422843688 -0.2810208112 0.1214476069 -0.0802293251 -0.2270609898 -0.2391550001 -0.1089214103 0.0764661829 -0.1781051593 -0.1969975543 0.0521893357 -0.1418940378 -0.1928583946 0.1572323703 -0.0010985656 -0.3115300262 -0.2692768876 0.2247395140 -0.2880212988 0.0881665927 0.1511369954 0.0191476617 0.0444709110 0.0019299265 -0.0068523520 -0.0003717354
0.0164627524 -0.0593357279 0.1408244633 -0.2496883196 0.3404523782 0.3470028795 0.2267763328 -0.0092485977 -0.1977393058 -0.2690025576 -0.1569221286 0.0573589300 0.2120782428 0.2049188444 -0.0412871973 0.1555263359 -0.1706122413 -0.1116957315 0.0361257866 -0.2890933275 0.2233499091 0.2460451662 0.2897675482 -0.1182439323 0.1816900187 -0.0346376605 -0.0681016527 -0.0059278100 -0.0154322038 -0.0004862306 0.0019075513 0.0000852218
0.0448494302 -0.1366331525 0.2654057170 -0.3645905167 0.3431455520 0.1624245399 -0.0991916533 0.2735822187 -0.2308654011 -0.0055741191 0.2111463591 0.2334127401 0.0494277044 -0.1697768426 0.2017298393 0.0779628502 0.0783916205 0.2620093392 0.1582307372 0.2563511142 -0.2781349594 -0.1435803595 -0.2036675368 0.0513633577 -0.0906347637 0.0118400592 0.0261100156 0.0016472824 0.0047408931 0.0001122789 -0.0004821055 -0.0000180520
0.1045092449 -0.2581407356 0.3816140204 -0.3451499139 0.1098904270 -0.1828378434 -0.2988068941 0.1346916506 0.1498185575 0.2691519704 0.1053272014 -0.1614340772 -0.2430348514 -0.0689058931 -0.1438961820 -0.2421540136 0.0835081395 -0.2606596570 -0.2425067384 -0.1662878506 0.2205479725 0.0691820972 0.1130715049 -0.0194510299 0.0385389529 -0.0036412113 -0.0088825942 -0.0004204952 -0.0013253210 -0.0000241725 0.0001128241 0.0000035863
0.2053685514 -0.3849389687 0.3701263216 -0.0939242506 -0.2322306414 -0.2918083914 -0.0272343005 -0.2526447527 0.2165572760 -0.0832131459 -0.2688055575 -0.1125054449 0.1764425316 0.2458627927 -0.0260253734 0.2644946400 -0.1964899640 0.1874268737 0.2315689914 0.0894393868 -0.1406973897 -0.0292745214 -0.0542483175 0.0066760748 -0.0146892697 0.0010355179 0.0027720028 0.0001006648 0.0003453573 0.0000049317 -0.0000249042 -0.0000006781
0.3361075390 -0.4238824091 0.1427267295 0.2437375155 -0.2865243820 0.0489220227 0.2940578620 -0.1111253854 -0.2243637839 -0.2210045545 0.1086836826 0.2736788877 0.0351679907 -0.2637284132 0.1821476484 -0.1976844980 0.2432427289 -0.1091245445 -0.1873090591 -0.0419444903 0.0816389172 0.0112430627 0.0241617370 -0.0021300508 0.0052593047 -0.0002780121 -0.0008201235 -0.0000229941 -0.0000859732 -0.0000009675 0.0000052851 0.0000001239
0.4536284699 -0.2877410987 -0.1943107317 0.3120463066 0.0672564147 0.3052177771 0.0241634631 0.2835485123 -0.0978579470 0.2519331769 0.1621896011 -0.2111207163 -0.2243736668 0.1596846294 -0.2753553480 0.1007786831 -0.2529639933 0.0480389818 0.1507142629 0.0159677434 -0.0497334487 -0.0036912044 -0.0113397639 0.0006032034 -0.0019641587 0.0000680830 0.0002502139 0.0000048880 0.0000218596 0.0000001793 -0.0000011372 -0.0000000228
